"local Library = loadstring(game:HttpGet(\"https://raw.githubusercontent.com/Robojini/Tuturial_UI_Library/main/UI_Template_1\"))()\r\n\r\nlocal Window = Library.CreateLib(\"RIU/Kitov\", \"RJTheme3\")\r\n\r\nlocal Tab = Window:NewTab(\"Base\")\r\n\r\nlocal Section = Tab:NewSection(\"Хз\")\r\n\r\n\r\nSection:NewSlider(\"ВрумВрум\", \"Увеличивает Скорость\", 150, 0, function(a)\r\n    game.Players.LocalPlayer.Character.Humanoid.WalkSpeed = a\r\nend)\r\n\r\n\r\nSection:NewSlider(\"Бабах\", \"Увеличивает Прыжок\", 150, 0, function(s)\r\n    game.Players.LocalPlayer.Character.Humanoid.JumpPower = s\r\nend)\r\n\r\n\r\nSection:NewToggle(\"Ты набегался\", \"Нажми 2 раза\", function(state)\r\n    if state then\r\n        game.Players.LocalPlayer.Character.Humanoid.WalkSpeed = a\r\n    else\r\n        game.Players.LocalPlayer.Character.Humanoid.WalkSpeed = 10\r\n    end\r\nend)\r\n\r\n\r\nSection:NewToggle(\"Ты напрыгался\", \"Нажми 2 раза\", function(state)\r\n    if state then\r\n        game.Players.LocalPlayer.Character.Humanoid.JumpPower = s\r\n    else\r\n        game.Players.LocalPlayer.Character.Humanoid.JumpPower = 45\r\n    end\r\nend)\r\n\r\nlocal Section = Tab:NewSection(\"Убей Себя\")\r\n\r\nSection:NewButton(\"Kill Yourself!\", \"Kill Yourself\", function()\r\n    game.Players.LocalPlayer.Character.Humanoid:ChangeState(15)\r\nend)\r\n\r\n\r\nlocal Tab = Window:NewTab(\"Teleports\")\r\n\r\nlocal Section = Tab:NewSection(\"NPC\")\r\n\r\nSection:NewButton(\"Black Market Dealer\", \"Тп\", function()\r\n    game.Players.LocalPlayer.Character.HumanoidRootPart.CFrame = CFrame.new(961.186218, 24.3751392, 299.637421, 0.849484622, -0, -0.527613401, 0, 1, -0, 0.527613401, 0, 0.849484622)\r\nend)\r\n\r\nSection:NewButton(\"Whitesnake (NPC)\", \"Тп\", function()\r\n    game.Players.LocalPlayer.Character.HumanoidRootPart.CFrame = CFrame.new(-195.417557, 24.7256165, -143.897354, 0, 0, 1, 0, 1, -0, -1, 0, 0)\r\nend)\r\n\r\nSection:NewButton(\"Homeless Man\", \"Тп\", function()\r\n    game.Players.LocalPlayer.Character.HumanoidRootPart.CFrame = CFrame.new(5.95458984, 24.2649536, 13.8969231, 0, 0, -1, 0, 1, 0, 1, 0, 0)\r\nend)\r\n\r\nSection:NewButton(\"Giorno Giovanna\", \"Тп\", function()\r\n    game.Players.LocalPlayer.Character.HumanoidRootPart.CFrame = CFrame.new(-622.688965, 24.2678757, 907.521545, 0.385082781, -0, -0.922882199, 0, 1, -0, 0.922882199, 0, 0.385082781)\r\nend)\r\n\r\nSection:NewButton(\"Koichi Hirose\", \"Тп\", function()\r\n    game.Players.LocalPlayer.Character.HumanoidRootPart.CFrame = CFrame.new(-163.42955, 23.9578857, -0.280304074, 1, 0, 0, 0, 1, 0, 0, 0, 1)\r\nend)\r\n\r\nSection:NewButton(\"Giorno Giovanna (Diavolo)\", \"Тп\", function()\r\n    game.Players.LocalPlayer.Character.HumanoidRootPart.CFrame = CFrame.new(1231.89038, 24.2678757, 160.085968, 0.0845634937, 0, 0.996418059, 0, 1, 0, -0.996418059, 0, 0.0845634937)\r\nend)\r\n\r\nSection:NewButton(\"Denqa\", \"Тп\", function()\r\n    game.Players.LocalPlayer.Character.HumanoidRootPart.CFrame = CFrame.new(-100.5839, 54.2381821, 380.381744, 0, 0, -1, 0, 1, 0, 1, 0, 0)\r\nend)\r\n\r\nSection:NewButton(\"Des\", \"Тп\", function()\r\n    game.Players.LocalPlayer.Character.HumanoidRootPart.CFrame = CFrame.new(279.619995, 199.384689, 729.911682, 0, 0, 1, 0, 1, -0, -1, 0, 0)\r\nend)\r\n\r\nSection:NewButton(\"Giorno Giovanna (Train Station)\", \"Тп\", function()\r\n    game.Players.LocalPlayer.Character.HumanoidRootPart.CFrame = CFrame.new(642.139771, 198.618851, 738.222412, -0.807768345, 0, 0.58950001, 0, 1, 0, -0.58950001, 0, -0.807768345)\r\nend)\r\n\r\nSection:NewButton(\"Bruno Bucciarati\", \"Тп\", function()\r\n    game.Players.LocalPlayer.Character.HumanoidRootPart.CFrame = CFrame.new(-612.4151, 24.0943012, 436.936768, -0.379902959, 0, -0.925026655, 0, 1, 0, 0.925026655, 0, -0.379902959)\r\nend)\r\n\r\nSection:NewButton(\"Guido Mista\", \"Тп\", function()\r\n    game.Players.LocalPlayer.Character.HumanoidRootPart.CFrame = CFrame.new(-562.677246, 24.3139725, 680.420776, 1, 0, 0, 0, 1, 0, 0, 0, 1)\r\nend)\r\n\r\nSection:NewButton(\"Leone Abbachio\", \"Тп\", function()\r\n    game.Players.LocalPlayer.Character.HumanoidRootPart.CFrame = CFrame.new(833.280334, 53.847393, 385.698029, -0.390146017, 0, -0.920752943, 0, 1, 0, 0.920752943, 0, -0.390146017)\r\nend)\r\n\r\nSection:NewButton(\"Taxi Driver (Park)\", \"Тп\", function()\r\n    game.Players.LocalPlayer.Character.HumanoidRootPart.CFrame = CFrame.new(1086.38354, 53.8252449, 438.95462, -0.997075438, 0, 0.0764253661, 0, 1, 0, -0.0764253661, 0, -0.997075438)\r\nend)\r\n\r\nSection:NewButton(\"Taxi Driver (Castel dell'Ovo)\", \"Тп\", function()\r\n    game.Players.LocalPlayer.Character.HumanoidRootPart.CFrame = CFrame.new(79.6578903, 23.9822178, -27.4605103, 1, 0, 0, 0, 1, 0, 0, 0, 1)\r\nend)\r\n\r\nSection:NewButton(\"Taxi Driver (City Center)\", \"Тп\", function()\r\n    game.Players.LocalPlayer.Character.HumanoidRootPart.CFrame = CFrame.new(-352.911041, 24.0752354, 569.597168, -0.997193336, 0, -0.0748749226, 0, 1, 0, 0.0748749226, 0, -0.997193336)\r\nend)\r\n\r\nSection:NewButton(\"Taxi Driver (Train Station)\", \"Тп\", function()\r\n    game.Players.LocalPlayer.Character.HumanoidRootPart.CFrame = CFrame.new(427.353149, 199.073868, 873.955994, -0.958187938, 0, -0.286139995, 0, 1, 0, 0.286139995, 0, -0.958187938)\r\nend)\r\n\r\nSection:NewButton(\"Doppio\", \"Тп\", function()\r\n    game.Players.LocalPlayer.Character.HumanoidRootPart.CFrame = CFrame.new(-466.312866, 167.417923, 1249.09766, 0, 0, -1, 0, 1, 0, 1, 0, 0)\r\nend)\r\n\r\nSection:NewButton(\"Djudjo\", \"Тп\", function()\r\n    game.Players.LocalPlayer.Character.HumanoidRootPart.CFrame = CFrame.new(-606.201355, 24.2135773, 497.062439, 0, 0, -1, 0, 1, 0, 1, 0, 0)\r\nend)\r\n\r\nSection:NewButton(\"Whitesnake #3 (NPC)\", \"Тп\", function()\r\n    game.Players.LocalPlayer.Character.HumanoidRootPart.CFrame = CFrame.new(-455.395142, 24.725605, 452.586426, -1, 0, 0, 0, 1, 0, 0, 0, -1)\r\nend)\r\n\r\nSection:NewButton(\"Whitesnake #2 (NPC)\", \"Тп\", function()\r\n    game.Players.LocalPlayer.Character.HumanoidRootPart.CFrame = CFrame.new(-336.55542, 183.636398, 1329.72119, 0.999827743, 0.0185566675, 0.00030880791, -0.0185592007, 0.999720097, 0.0146721127, -3.64559819e-05, -0.0146753164, 0.999892294)\r\nend)\r\n\r\nSection:NewButton(\"Whitesnake #4 (NPC)\", \"Тп\", function()\r\n    game.Players.LocalPlayer.Character.HumanoidRootPart.CFrame = CFrame.new(1016.34125, 24.6786098, 257.999878, -1.1920929e-07, 0, 1.00000012, 0, 1, 0, -1.00000012, 0, -1.1920929e-07)\r\nend)\r\n\r\nSection:NewButton(\"Daniel J.D'arby\", \"Тп\", function()\r\n    game.Players.LocalPlayer.Character.HumanoidRootPart.CFrame = CFrame.new(181.014725, 199.198456, 760.008667, 0.997943223, -0, -0.0641042665, 0, 1, -0, 0.0641042665, 0, 0.997943223)\r\nend)\r\n\r\nSection:NewButton(\"Taxi Driver (Cliffside)\", \"Тп\", function()\r\n    game.Players.LocalPlayer.Character.HumanoidRootPart.CFrame = CFrame.new(-218.309509, 183.120529, 1276.94043, 0.997160137, 0.000752018765, -0.0753067955, -0.000973193906, 0.999995291, -0.00290033594, 0.0753042623, 0.00296538742, 0.997156203)\r\nend)\r\n\r\nSection:NewButton(\"Funny Valentine\", \"Тп\", function()\r\n    game.Players.LocalPlayer.Character.HumanoidRootPart.CFrame = CFrame.new(30.0504761, 199.073883, 857.031982, 1, 0, 0, 0, 1, 0, 0, 0, 1)\r\nend)\r\n\r\nSection:NewButton(\"Eclipse The Clown\", \"Тп\", function()\r\n    game.Players.LocalPlayer.Character.HumanoidRootPart.CFrame = CFrame.new(784.964355, 24.2711945, 290.139282, 0.0845634937, 0, 0.996418059, 0, 1, 0, -0.996418059, 0, 0.0845634937)\r\nend)\r\n\r\nSection:NewButton(\"Enrico Pucci\", \"Тп\", function()\r\n    game.Players.LocalPlayer.Character.HumanoidRootPart.CFrame = CFrame.new(-240.01297, 24.3252335, -304.2211, 0, 0, -1, 0, 1, 0, 1, 0, 0)\r\nend)\r\n\r\nlocal Tab = Window:NewTab(\"ESP\")\r\n\r\nlocal Section = Tab:NewSection(\"I see you\")\r\n\r\nSection:NewButton(\"On ESP\", \"Делает игроков видимыми\", function()\r\n    local Players = game:GetService(\"Players\"):GetChildren()\r\nlocal RunService = game:GetService(\"RunService\")\r\nlocal highlight = Instance.new(\"Highlight\")\r\nhighlight.Name = \"Highlight\"\r\n\r\nfor i, v in pairs(Players) do\r\n    repeat wait() until v.Character\r\n    if not v.Character:FindFirstChild(\"HumanoidRootPart\"):FindFirstChild(\"Highlight\") then\r\n        local highlightClone = highlight:Clone()\r\n        highlightClone.Adornee = v.Character\r\n        highlightClone.Parent = v.Character:FindFirstChild(\"HumanoidRootPart\")\r\n        highlightClone.DepthMode = Enum.HighlightDepthMode.AlwaysOnTop\r\n        highlightClone.Name = \"Highlight\"\r\n    end\r\nend\r\n\r\ngame.Players.PlayerAdded:Connect(function(player)\r\n    repeat wait() until player.Character\r\n    if not player.Character:FindFirstChild(\"HumanoidRootPart\"):FindFirstChild(\"Highlight\") then\r\n        local highlightClone = highlight:Clone()\r\n        highlightClone.Adornee = player.Character\r\n        highlightClone.Parent = player.Character:FindFirstChild(\"HumanoidRootPart\")\r\n        highlightClone.Name = \"Highlight\"\r\n    end\r\nend)\r\n\r\ngame.Players.PlayerRemoving:Connect(function(playerRemoved)\r\n    playerRemoved.Character:FindFirstChild(\"HumanoidRootPart\").Highlight:Destroy()\r\nend)\r\n\r\nRunService.Heartbeat:Connect(function()\r\n    for i, v in pairs(Players) do\r\n        repeat wait() until v.Character\r\n        if not v.Character:FindFirstChild(\"HumanoidRootPart\"):FindFirstChild(\"Highlight\") then\r\n            local highlightClone = highlight:Clone()\r\n            highlightClone.Adornee = v.Character\r\n            highlightClone.Parent = v.Character:FindFirstChild(\"HumanoidRootPart\")\r\n            highlightClone.DepthMode = Enum.HighlightDepthMode.AlwaysOnTop\r\n            highlightClone.Name = \"Highlight\"\r\n            task.wait()\r\n        end\r\nend\r\nend)\r\nend)"